n = 5000
bubble_sort의 걸리는 시간 =  5.106353600000148
quick_sort의 걸리는 시간 =  3.960448900001211

n = 10000
bubble_sort(n = 5000)의 걸리는 시간 =  35.02254500000163
quick_sort(n = 5000)의 걸리는 시간 =  15.351876900000207

